1950-51 0.0 0.0 0.0 0.0 0.5 2.5 2.5 0.7 T 0.0 0.0 0.0 6.2
1951-52 0.0 0.0 0.0 0.0 T 5.4 1.7 T 7.0 0.0 0.0 0.0 14.1
1952-53 0.0 0.0 0.0 T 2.8 3.0 2.4 T 3.6 T 0.0 0.0 11.8
1953-54 0.0 0.0 0.0 0.0 5.9 T 13.7 1.0 1.5 0.0 0.0 0.0 22.1
1954-55 0.0 0.0 0.0 T T 0.4 2.3 6.2 1.2 0.0 0.0 0.0 10.1
1955-56 0.0 0.0 0.0 0.0 2.0 0.5 8.4 0.4 7.8 0.0 0.0 0.0 19.1
1956-57 0.0 0.0 0.0 0.0 T 0.2 10.7 2.7 1.4 0.4 0.0 0.0 15.4
1957-58 0.0 0.0 0.0 0.0 T 9.5 1.5 18.3 13.7 0.0 0.0 0.0 43.0
1958-59 0.0 0.0 0.0 0.0 T 0.5 2.1 T 1.0 0.4 0.0 0.0 4.0
1959-60 0.0 0.0 0.0 0.0 0.0 1.5 0.3 10.7 21.6 0.0 0.0 0.0 34.1
1960-61 0.0 0.0 0.0 0.0 0.2 15.6 14.3 16.4 T 0.0 0.0 0.0 46.5
1961-62 0.0 0.0 0.0 0.0 3.2 7.2 2.0 9.2 13.6 0.0 0.0 0.0 35.2
1962-63 0.0 0.0 0.0 0.0 0.3 11.7 3.7 2.1 1.8 0.0 T 0.0 19.6
1963-64 0.0 0.0 0.0 0.0 T 9.7 10.3 18.2 13.2 0.4 0.0 0.0 51.8
1964-65 0.0 0.0 0.0 0.0 T 0.8 8.3 1.1 8.4 0.0 0.0 0.0 18.6
1965-66 0.0 0.0 0.0 0.0 0.0 T 21.4 11.4 0.0 T 0.0 0.0 32.8
1966-67 0.0 0.0 0.0 0.0 T 20.4 0.4 20.1 2.5 0.0 0.0 0.0 43.4
1967-68 0.0 0.0 0.0 0.0 8.4 4.6 2.5 2.6 5.3 0.0 0.0 0.0 23.4
1968-69 0.0 0.0 0.0 0.0 4.3 T 0.1 6.4 7.8 0.0 0.0 0.0 18.6
1969-70 0.0 0.0 0.0 0.0 T 9.0 6.1 4.0 1.9 T 0.0 0.0 21.0
1970-71 0.0 0.0 0.0 0.0 0.0 6.3 4.1 0.6 2.0 T 0.0 0.0 13.0
1971-72 0.0 0.0 0.0 0.0 1.0 T 1.1 11.4 0.2 0.3 0.0 0.0 14.0
1972-73 0.0 0.0 0.0 T T T T 1.2 T T 0.0 0.0 1.2
1973-74 0.0 0.0 0.0 0.0 0.0 8.3 1.2 7.6 T T 0.0 0.0 17.1
1974-75 0.0 0.0 0.0 0.0 T 0.4 5.1 5.5 1.2 T 0.0 0.0 12.2
1975-76 0.0 0.0 0.0 0.0 0.0 0.7 1.7 1.3 7.8 0.0 0.0 0.0 11.5
1976-77 0.0 0.0 0.0 0.0 1.1 1.5 8.5 T T T 0.0 0.0 11.1
1977-78 0.0 0.0 0.0 T 0.6 0.5 12.4 12.3 8.5 T 0.0 0.0 34.3
1978-79 0.0 0.0 0.0 0.0 3.7 0.0 5.7 33.1 T T 0.0 0.0 42.5
1979-80 0.0 0.0 0.0 0.3 T 0.1 4.7 3.8 5.7 0.0 0.0 0.0 14.6
1980-81 0.0 0.0 0.0 0.0 T 0.2 4.1 T 0.3 0.0 0.0 0.0 4.6
1981-82 0.0 0.0 0.0 0.0 T 2.4 14.8 7.6 0.7 T 0.0 0.0 25.5
1982-83 0.0 0.0 0.0 0.0 0.0 7.2 1.2 27.2 T T 0.0 0.0 35.6
1983-84 0.0 0.0 0.0 0.0 T T 8.4 T 6.1 T 0.0 0.0 14.5
1984-85 0.0 0.0 0.0 0.0 T 0.1 9.1 0.4 T 0.7 0.0 0.0 10.3
1985-86 0.0 0.0 0.0 0.0 0.0 0.7 1.9 13.0 T T 0.0 0.0 15.6
1986-87 0.0 0.0 0.0 0.0 0.0 T 25.1 10.1 T T 0.0 0.0 35.2
1987-88 0.0 0.0 0.0 0.0 6.0 0.5 13.7 0.2 T T 0.0 0.0 20.4
1988-89 0.0 0.0 0.0 0.0 0.0 0.9 6.0 1.1 0.3 0.0 0.0 0.0 8.3
1989-90 0.0 0.0 0.0 0.0 3.8 10.2 0.5 T 2.7 0.1 0.0 0.0 17.3
1990-91 0.0 0.0 0.0 0.0 0.0 4.8 4.2 0.1 0.3 0.0 0.0 0.0 9.4
1991-92 0.0 0.0 0.0 0.0 T T 2.2 1.9 T T 0.0 0.0 4.1
1992-93 0.0 0.0 0.0 0.0 T 1.5 1.4 8.8 12.7 T 0.0 0.0 24.4
1993-94 0.0 0.0 0.0 0.0 T 2.9 4.9 5.3 4.2 T 0.0 0.0 17.3
1994-95 0.0 0.0 0.0 0.0 0.2 0.0 0.3 7.5 0.2 0.0 0.0 0.0 8.2
1995-96 0.0 0.0 0.0 0.0 1.0 2.3 32.6 19.0 7.6 T 0.0 0.0 62.5
1996-97 0.0 0.0 0.0 0.0 0.3 0.2 5.0 7.1 2.7 T 0.0 0.0 15.3
1997-98 0.0 0.0 0.0 0.0 0.0 0.4 0.7 T 2.1 0.0 0.0 0.0 3.2
1998-99 0.0 0.0 0.0 0.0 0.0 3.0 4.0 0.6 7.6 0.0 0.0 0.0 15.2
1999-00 0.0 0.0 0.0 0.0 0.0 0.2 23.1 2.6 0.0 0.2 0.0 0.0 26.1
2000-01 0.0 0.0 0.0 0.0 T 1.3 3.7 3.7 T T 0.0 0.0 8.7
2001-02 0.0 0.0 0.0 0.0 0.0 0.0 2.3 T T 0.0 0.0 0.0 2.3
2002-03 0.0 0.0 0.0 0.0 0.0 9.7 5.3 40.5 2.6 T 0.0 0.0 58.1
2003-04 0.0 0.0 0.0 T 0.0 9.6 8.4 0.1 0.2 0.0 0.0 0.0 18.3
2004-05 0.0 0.0 0.0 0.0 0.0 T 7.6 10.0 0.4 0.0 0.0 0.0 18.0
2005-06 0.0 0.0 0.0 0.0 0.5 6.0 T 13.1 T T 0.0 0.0 19.6
2006-07 0.0 0.0 0.0 0.0 0.0 T 0.9 8.5 1.4 0.2 0.0 0.0 11.0
2007-08 0.0 0.0 0.0 0.0 T 4.8 2.4 1.3 0.0 0.0 0.0 0.0 8.5
2008-09 0.0 0.0 0.0 0.0 T 0.6 2.1 0.6 5.8 T 0.0 0.0 9.1
2009-10 0.0 0.0 0.0 0.0 0.0 20.1 6.9 50.0 T 0.0 0.0 0.0 77.0
2010-11 0.0 0.0 0.0 0.0 0.0 1.2 10.7 2.5 T 0.0 0.0 0.0 14.4
2011-12 0.0 0.0 0.0 T 0.0 T 1.3 0.5 T 0.0 0.0 0.0 1.8
2012-13 0.0 0.0 0.0 0.0 T 1.4 2.9 0.5 3.2 T 0.0 0.0 8.0
2013-14 0.0 0.0 0.0 0.0 T 2.9 9.8 14.2 12.1 T 0.0 T 39.0
2014-15 0.0 0.0 T 0.0 0.3 0.2 5.9 14.6 7.7 0.0 0.0 0.0 28.7
2015-16 0.0 T 0.0 0.0 0.0 T 30.0 2.6 2.5 T 0.0 T 35.1
2016-17 0.0 0.0 0.0 0.0 0.0 T 0.7 T 2.3 0.0 T 0.0 3.0
2017-18 0.0 0.0 0.0 0.0 0.0 4.3 2.2 2.2 6.7 0.0 0.0 0.0 15.4
2018-19 0.0 0.0 0.0 0.0 1.7 0.0 7.8 6.1 2.7 0.0 0.0 0.0 18.3
2019-20 0.0 0.0 0.0 0.0 T 0.3 1.5 0.0 0.0 0.0 0.0 0.0 1.8
2020-21 0.0 0.0 0.0 0.0 0.0 1.6 4.3 5.0 0.0 T 0.0 0.0 10.9