1949-50 0.0 0.0 0.0 0.0 T T 0.3 T 3.1 T 0.0 0.0 3.4
1950-51 0.0 0.0 0.0 0.0 1.6 3.8 0.8 3.0 1.0 0.0 0.0 0.0 10.2
1951-52 0.0 0.0 0.0 0.0 T 4.8 1.6 T 3.8 0.0 0.0 0.0 10.2
1952-53 0.0 0.0 0.0 0.0 1.7 2.0 1.3 0.2 3.1 T 0.0 0.0 8.3
1953-54 0.0 0.0 0.0 0.0 6.7 T 11.3 T T T 0.0 0.0 18.0
1954-55 0.0 0.0 0.0 T 0.0 0.1 2.3 4.2 T 0.0 0.0 0.0 6.6
1955-56 0.0 0.0 0.0 0.0 2.3 0.5 4.5 T 4.0 0.0 0.0 0.0 11.3
1956-57 0.0 0.0 0.0 0.0 T 0.2 10.1 1.6 2.2 0.1 0.0 0.0 14.2
1957-58 0.0 0.0 0.0 T 0.3 12.0 0.3 17.2 10.6 0.0 0.0 0.0 40.4
1958-59 0.0 0.0 0.0 0.0 T 0.9 4.0 T T T 0.0 0.0 4.9
1959-60 0.0 0.0 0.0 0.0 T T T 7.2 17.1 0.0 0.0 0.0 24.3
1960-61 0.0 0.0 0.0 0.0 T 8.7 13.6 18.0 T T 0.0 0.0 40.3
1961-62 0.0 0.0 0.0 0.0 1.3 1.2 2.0 6.5 4.0 0.0 0.0 0.0 15.0
1962-63 0.0 0.0 0.0 0.0 T 16.2 2.1 2.0 1.1 0.0 T 0.0 21.4
1963-64 0.0 0.0 0.0 0.0 T 6.4 8.9 11.7 6.2 0.4 0.0 0.0 33.6
1964-65 0.0 0.0 0.0 0.0 0.2 0.5 9.1 1.9 5.4 0.0 0.0 0.0 17.1
1965-66 0.0 0.0 0.0 0.0 0.0 0.2 21.3 6.9 T 0.0 0.0 0.0 28.4
1966-67 0.0 0.0 0.0 0.0 T 16.1 1.3 19.0 0.7 0.0 0.0 0.0 37.1
1967-68 0.0 0.0 0.0 0.0 6.9 6.3 2.8 2.4 3.0 0.0 0.0 0.0 21.4
1968-69 0.0 0.0 0.0 0.0 T T 0.2 2.2 6.7 0.0 0.0 0.0 9.1
1969-70 0.0 0.0 0.0 0.0 T 6.8 3.6 3.6 T 0.0 0.0 0.0 14.0
1970-71 0.0 0.0 0.0 0.0 T 5.2 4.8 0.3 1.4 T 0.0 0.0 11.7
1971-72 0.0 0.0 0.0 0.0 1.4 0.1 0.3 14.4 T 0.6 0.0 0.0 16.8
1972-73 0.0 0.0 0.0 T T 0.0 T 0.1 T T 0.0 0.0 0.1
1973-74 0.0 0.0 0.0 0.0 0.0 11.0 1.5 4.2 T T 0.0 0.0 16.7
1974-75 0.0 0.0 0.0 T T 0.1 6.6 5.8 0.3 T 0.0 0.0 12.8
1975-76 0.0 0.0 0.0 0.0 0.0 0.4 0.1 0.9 0.8 0.0 0.0 0.0 2.2
1976-77 0.0 0.0 0.0 0.0 0.8 0.6 9.7 0.0 T T 0.0 0.0 11.1
1977-78 0.0 0.0 0.0 0.0 0.1 0.2 10.3 3.8 8.3 0.0 0.0 0.0 22.7
1978-79 0.0 0.0 0.0 0.0 3.1 T 4.0 30.6 T 0.0 0.0 0.0 37.7
1979-80 0.0 0.0 0.0 0.3 0.0 T 8.6 5.1 6.1 0.0 0.0 0.0 20.1
1980-81 0.0 0.0 0.0 0.0 T 0.3 4.2 T T 0.0 0.0 0.0 4.5
1981-82 0.0 0.0 0.0 0.0 T 1.7 15.3 5.3 0.2 T 0.0 0.0 22.5
1982-83 0.0 0.0 0.0 0.0 0.0 6.6 T 21.0 0.0 T 0.0 0.0 27.6
1983-84 0.0 0.0 0.0 0.0 0.3 T 6.5 T 1.8 T 0.0 0.0 8.6
1984-85 0.0 0.0 0.0 0.0 T 0.3 10.0 T T T 0.0 0.0 10.3
1985-86 0.0 0.0 0.0 0.0 0.0 0.7 1.8 12.9 T T 0.0 0.0 15.4
1986-87 0.0 0.0 0.0 0.0 0.0 T 20.8 10.3 T T 0.0 0.0 31.1
1987-88 0.0 0.0 0.0 0.0 11.5 T 13.1 T 0.4 T 0.0 0.0 25.0
1988-89 0.0 0.0 0.0 0.0 0.0 1.2 2.9 1.2 0.4 0.0 0.0 0.0 5.7
1989-90 0.0 0.0 0.0 0.0 3.5 9.0 0.2 T 2.4 0.2 0.0 0.0 15.3
1990-91 0.0 0.0 0.0 0.0 0.0 3.0 4.8 0.3 T 0.0 0.0 0.0 8.1
1991-92 0.0 0.0 0.0 0.0 T 0.0 4.0 2.6 T T 0.0 0.0 6.6
1992-93 0.0 0.0 0.0 0.0 T 1.0 T 4.1 6.6 0.0 0.0 0.0 11.7
1993-94 0.0 0.0 0.0 0.0 T 2.6 3.5 3.1 4.0 T 0.0 0.0 13.2
1994-95 0.0 0.0 0.0 0.0 T 0.0 3.9 5.8 0.4 0.0 0.0 0.0 10.1
1995-96 0.0 0.0 0.0 0.0 0.5 1.3 23.8 15.2 5.2 T 0.0 0.0 46.0
1996-97 0.0 0.0 0.0 0.0 0.2 0.2 2.3 4.0 T 0.0 0.0 0.0 6.7
1997-98 0.0 0.0 0.0 0.0 T 0.1 T T T 0.0 0.0 0.0 0.1
1998-99 0.0 0.0 0.0 0.0 0.0 0.5 2.2 0.2 8.7 0.0 0.0 0.0 11.6
1999-00 0.0 0.0 0.0 0.0 0.0 T 14.5 0.9 0.0 T 0.0 0.0 15.4
2000-01 0.0 0.0 0.0 0.0 0.0 2.0 2.4 2.8 0.2 T 0.0 0.0 7.4
2001-02 0.0 0.0 0.0 0.0 0.0 0.0 2.7 0.5 0.0 0.0 0.0 T 3.2
2002-03 0.0 0.0 0.0 0.0 0.0 7.1 4.5 28.7 0.1 0.0 0.0 0.0 40.4
2003-04 0.0 0.0 0.0 0.0 0.0 6.2 6.2 T T 0.0 0.0 0.0 12.4
2004-05 0.0 0.0 0.0 0.0 0.0 0.1 6.4 5.2 0.8 0.0 0.0 0.0 12.5
2005-06 0.0 0.0 0.0 0.0 T 4.8 T 8.8 T T 0.0 0.0 13.6
2006-07 T 0.0 0.0 0.0 0.0 T 1.3 5.9 1.9 0.4 0.0 0.0 9.5
2007-08 0.0 0.0 0.0 0.0 0.0 2.6 1.3 1.0 0.0 0.0 0.0 0.0 4.9
2008-09 0.0 0.0 0.0 0.0 T T 1.9 0.1 5.5 0.0 0.0 T 7.5
2009-10 0.0 0.0 0.0 0.0 0.0 16.6 7.4 32.1 T 0.0 T 0.0 56.1
2010-11 0.0 0.0 0.0 0.0 T 2.1 7.3 0.5 0.2 0.0 0.0 0.0 10.1
2011-12 0.0 0.0 0.0 T 0.0 T 1.7 0.3 T 0.0 0.0 0.0 2.0
2012-13 0.0 0.0 0.0 0.0 T 0.2 0.9 0.4 1.6 0.0 0.0 T 3.1
2013-14 0.0 0.0 0.0 0.0 T 1.5 6.6 11.2 12.7 T 0.0 0.0 32.0
2014-15 0.0 0.0 0.0 0.0 T T 3.6 9.8 4.9 T 0.0 T 18.3
2015-16 0.0 0.0 0.0 0.0 0.0 0.0 18.8 3.1 0.3 T T 0.0 22.2
2016-17 0.0 0.0 0.0 0.0 0.0 T 1.4 T 2.0 0.0 0.0 0.0 3.4
2017-18 0.0 0.0 0.0 0.0 0.0 1.9 1.2 0.2 4.5 T 0.0 0.0 7.8
2018-19 0.0 0.0 0.0 0.0 1.4 0.0 11.5 3.7 0.3 0.0 0.0 0.0 16.9
2019-20 0.0 0.0 0.0 0.0 0.0 0.4 0.2 T 0.0 0.0 0.0 0.0 0.6
2020-21 0.0 0.0 0.0 0.0 0.0 T 2.6 2.8 0.0 0.0 0.0 0.0
2021-22 0.0 0.0 0.0 0.0 0.0 0.0 12.3 T 0.9 0.0 13.2