1963-64 0.0 0.0 0.0 0.0 T 9.0 10.8 14.9 9.3 0.6 0.0 0.0 44.6
1964-65 0.0 0.0 0.0 0.0 0.2 1.0 10.1 2.1 2.9 T 0.0 0.0 16.3
1965-66 0.0 0.0 0.0 0.0 T 0.3 19.0 11.3 T T 0.0 0.0 30.6
1966-67 0.0 0.0 0.0 0.0 0.1 24.2 1.4 18.0 0.7 0.0 0.0 0.0 44.4
1967-68 0.0 0.0 0.0 0.0 11.4 4.9 3.3 4.5 6.4 0.0 0.0 0.0 30.5
1968-69 0.0 0.0 0.0 0.0 5.8 T 0.1 7.2 10.4 0.0 0.0 0.0 23.5
1969-70 0.0 0.0 0.0 0.0 T 15.9 9.8 3.6 0.9 T 0.0 0.0 30.2
1970-71 0.0 0.0 0.0 0.0 T 9.2 7.5 0.2 2.4 0.3 0.0 0.0 19.6
1971-72 0.0 0.0 0.0 0.0 2.9 T T 16.9 0.2 0.4 0.0 0.0 20.4
1972-73 0.0 0.0 0.0 0.1 0.6 0.0 T 0.3 0.2 1.0 0.0 0.0 2.2
1973-74 0.0 0.0 0.0 0.0 T 10.7 1.0 7.0 0.2 0.0 0.0 0.0 18.9
1974-75 0.0 0.0 0.0 T T 1.0 7.5 8.1 1.2 T 0.0 0.0 17.8
1975-76 0.0 0.0 0.0 0.0 T 0.9 1.6 0.2 6.4 0.0 0.0 0.0 9.1
1976-77 0.0 0.0 0.0 0.0 0.8 0.6 9.2 T 0.0 T 0.0 0.0 10.6
1977-78 0.0 0.0 0.0 T 0.1 1.1 13.4 2.5 10.3 0.0 0.0 0.0 27.4
1978-79 0.0 0.0 0.0 0.0 4.0 T 8.8 27.6 0.2 0.0 0.0 0.0 40.6
1979-80 0.0 0.0 0.0 1.3 0.0 0.2 9.9 5.6 9.8 0.0 0.0 0.0 26.8
1980-81 0.0 0.0 0.0 0.0 T 0.4 4.0 T T 0.0 0.0 0.0 4.4
1981-82 0.0 0.0 0.0 0.0 0.9 5.7 14.3 5.7 0.3 2.6 0.0 0.0 29.5
1982-83 0.0 0.0 0.0 0.0 0.0 11.9 0.1 27.2 T T 0.0 0.0 39.2
1983-84 0.0 0.0 0.0 0.0 0.3 T 10.5 0.8 10.8 0.0 0.0 0.0 22.4
1984-85 0.0 0.0 0.0 0.0 T T 13.8 0.7 T 0.3 0.0 0.0 14.8
1985-86 0.0 0.0 0.0 0.0 0.0 0.2 1.9 16.0 T T 0.0 0.0 18.1
1986-87 0.0 0.0 0.0 0.0 0.0 T 28.8 12.0 1.4 0.5 0.0 0.0 42.7
1987-88 0.0 0.0 0.0 0.0 5.5 0.1 10.9 T 0.2 T 0.0 0.0 16.7
1988-89 0.0 0.0 0.0 0.0 0.0 1.0 6.6 1.4 0.9 0.0 0.0 0.0 9.9
1989-90 0.0 0.0 0.0 0.0 2.4 11.4 5.0 T 6.4 4.0 0.0 0.0 29.2
1990-91 0.0 0.0 0.0 0.0 0.0 4.7 6.3 0.1 3.5 T 0.0 0.0 14.6
1991-92 0.0 0.0 0.0 0.0 T T 2.1 3.4 1.2 T 0.0 0.0 6.7
1992-93 0.0 0.0 0.0 0.0 T 2.8 3.2 8.8 15.5 T 0.0 0.0 30.3
1993-94 0.0 0.0 0.0 0.0 0.0 3.5 4.2 3.8 7.9 T 0.0 0.0 19.4
1994-95 0.0 0.0 0.0 0.0 T 0.0 4.3 7.8 1.9 0.0 0.0 0.0 14.0
1995-96 0.0 0.0 0.0 0.0 3.6 2.5 30.9 16.4 6.0 2.5 0.0 0.0 61.9
1996-97 0.0 0.0 0.0 0.0 0.7 1.9 5.5 8.2 1.5 0.0 0.0 0.0 17.8
1997-98 0.0 0.0 0.0 0.0 0.0 4.7 0.5 0.7 T 0.0 0.0 0.0 5.9
1998-99 0.0 0.0 0.0 0.0 0.0 0.6 4.1 0.9 14.6 0.0 0.0 0.0 20.2
1999-00 0.0 0.0 0.0 0.0 0.0 0.2 21.4 1.4 0.0 0.2 0.0 0.0 23.2
2000-01 0.0 0.0 0.0 0.0 T 3.1 5.1 3.7 1.0 0.0 0.0 0.0 12.9
2001-02 0.0 0.0 0.0 0.0 0.0 0.0 2.6 T 0.0 0.0 T 0.0 2.6
2002-03 0.0 0.0 0.0 0.0 T 8.2 5.1 34.9 1.9 T 0.0 0.0 50.1
2003-04 0.0 T 0.0 0.0 0.0 11.4 6.0 T T 0.0 0.0 0.0 17.4
2004-05 0.0 0.0 0.0 0.0 0.0 T 7.4 8.7 1.2 0.0 0.0 0.0 17.3
2005-06 0.0 0.0 0.0 0.0 T 5.7 T 8.1 T 0.0 0.0 0.0 13.8
2006-07 T T 0.0 0.0 0.0 T 1.6 9.8 3.1 0.2 0.0 0.0 14.7
2007-08 0.0 0.0 0.0 0.0 0.0 2.5 4.0 T 0.0 T 0.0 0.0 6.5
2008-09 0.0 0.0 0.0 0.0 0.0 T 2.0 T 6.0 0.0 0.0 0.0 8.0
2009-10 0.0 0.0 0.0 0.0 0.0 21.4 5.7 46.1 T 0.0 0.0 0.0 73.2
2010-11 0.0 0.0 0.0 0.0 0.0 1.5 10.3 0.7 0.1 0.0 0.0 0.0 12.6
2011-12 0.0 0.0 0.0 0.6 0.0 T 1.7 1.4 T 0.0 0.0 0.0 3.7
2012-13 0.0 0.0 0.0 0.0 T 2.2 1.8 1.3 7.4 0.0 0.0 0.0 12.7
2013-14 0.0 0.0 0.0 0.0 T 4.7 12.0 16.3 19.8 T 0.0 0.0 52.8
2014-15 0.0 0.0 0.0 0.0 1.6 T 8.7 16.1 10.5 T 0.0 T 36.9
2015-16 0.0 0.0 0.0 0.0 0.0 T 29.9 3.1 1.3 T 0.0 T 34.3
2016-17 0.0 0.0 0.0 0.0 T T 1.0 0.6 5.7 T 0.0 0.0 7.3
2017-18 T 0.0 0.0 0.0 0.0 4.6 0.4 1.6 5.3 T 0.0 0.0 11.9
2018-19 0.0 0.0 0.0 0.0 3.0 T 15.5 6.4 1.6 0.0 0.0 0.0 26.5
2019-20 0.0 0.0 0.0 0.0 T 0.6 2.3 T T T 0.0 0.0 2.9
2020-21 0.0 0.0 0.0 0.0 0.0 2.4 3.2 6.4 T T 0.0 0.0 12.0
2021-22 0.0 0.0 0.0 0.0 T 0.0 11.4 0.9 3.5 T 15.8